 1.00000e-06   1.00000e+01   3.33333e-18 
 6.00000e-06   1.00000e+01   7.20000e-16 
 3.10000e-05   1.00000e+01   9.93033e-14 
 1.56000e-04   1.00000e+01   1.26547e-11 
 7.81000e-04   9.99998e+00   1.58793e-09 
 3.00817e-03   9.99977e+00   9.07361e-08 
 6.53064e-03   9.99891e+00   9.28363e-07 
 1.11686e-02   9.99681e+00   4.64299e-06 
 1.66629e-02   9.99290e+00   1.54150e-05 
 2.28173e-02   9.98669e+00   3.95660e-05 
 2.94970e-02   9.97777e+00   8.54344e-05 
 3.66114e-02   9.96578e+00   1.63243e-04 
 4.40983e-02   9.95039e+00   2.85002e-04 
 5.19134e-02   9.93133e+00   4.64431e-04 
 6.00245e-02   9.90833e+00   7.16912e-04 
 6.84075e-02   9.88113e+00   1.05944e-03 
 7.70439e-02   9.84951e+00   1.51058e-03 
 8.59196e-02   9.81325e+00   2.09048e-03 
 9.50236e-02   9.77216e+00   2.82080e-03 
 1.04348e-01   9.72603e+00   3.72474e-03 
 1.13886e-01   9.67469e+00   4.82705e-03 
 1.23634e-01   9.61797e+00   6.15398e-03 
 1.33590e-01   9.55570e+00   7.73337e-03 
 1.43751e-01   9.48773e+00   9.59460e-03 
 1.54118e-01   9.41392e+00   1.17687e-02 
 1.64692e-01   9.33413e+00   1.42882e-02 
 1.75476e-01   9.24823e+00   1.71876e-02 
 1.86474e-01   9.15610e+00   2.05028e-02 
 1.97689e-01   9.05761e+00   2.42720e-02 
 2.09128e-01   8.95266e+00   2.85348e-02 
 2.20798e-01   8.84114e+00   3.33333e-02 
 2.32707e-01   8.72295e+00   3.87115e-02 
 2.44864e-01   8.59799e+00   4.47159e-02 
 2.57282e-01   8.46617e+00   5.13956e-02 
 2.69973e-01   8.32740e+00   5.88023e-02 
 2.82951e-01   8.18158e+00   6.69911e-02 
 2.96234e-01   8.02862e+00   7.60203e-02 
 3.09840e-01   7.86844e+00   8.59523e-02 
 3.23792e-01   7.70093e+00   9.68543e-02 
 3.38115e-01   7.52598e+00   1.08798e-01 
 3.52838e-01   7.34347e+00   1.21863e-01 
 3.67996e-01   7.15327e+00   1.36135e-01 
 3.83629e-01   6.95519e+00   1.51710e-01 
 3.99786e-01   6.74902e+00   1.68695e-01 
 4.16525e-01   6.53450e+00   1.87215e-01 
 4.33918e-01   6.31124e+00   2.07412e-01 
 4.52057e-01   6.07876e+00   2.29461e-01 
 4.71061e-01   5.83634e+00   2.53577e-01 
 4.91093e-01   5.58289e+00   2.80043e-01 
 5.12388e-01   5.31673e+00   3.09251e-01 
 5.35316e-01   5.03491e+00   3.41806e-01 
 5.60556e-01   4.73151e+00   3.78794e-01 
 5.89782e-01   4.39058e+00   4.22864e-01 
 6.26837e-01   3.97650e+00   4.80164e-01 
 6.56072e-01   3.66550e+00   5.26092e-01 
 6.85307e-01   3.36921e+00   5.72311e-01 
 7.14542e-01   3.08816e+00   6.18513e-01 
 7.43777e-01   2.82263e+00   6.64408e-01 
 7.73012e-01   2.57271e+00   7.09726e-01 
 8.02248e-01   2.33831e+00   7.54216e-01 
 8.31483e-01   2.11920e+00   7.97648e-01 
 8.60718e-01   1.91502e+00   8.39818e-01 
 8.89953e-01   1.72532e+00   8.80544e-01 
 9.19188e-01   1.54958e+00   9.19668e-01 
 9.48423e-01   1.38721e+00   9.57055e-01 
 9.78174e-01   1.23505e+00   9.93204e-01 
 1.00839e+00   1.09333e+00   1.02785e+00 
 1.03901e+00   9.62097e-01   1.06079e+00 
 1.06998e+00   8.41311e-01   1.09179e+00 
 1.10096e+00   7.31759e-01   1.12045e+00 
 1.13230e+00   6.31555e-01   1.14704e+00 
 1.16364e+00   5.41311e-01   1.17121e+00 
 1.19499e+00   4.60300e-01   1.19299e+00 
 1.22633e+00   3.87829e-01   1.21243e+00 
 1.25767e+00   3.23248e-01   1.22958e+00 
 1.28902e+00   2.65950e-01   1.24451e+00 
 1.32036e+00   2.15372e-01   1.25731e+00 
 1.34800e+00   1.75939e-01   1.26691e+00 
 1.37564e+00   1.41008e-01   1.27501e+00 
 1.40327e+00   1.10289e-01   1.28169e+00 
 1.42683e+00   8.72412e-02   1.28633e+00 
 1.45038e+00   6.69269e-02   1.29008e+00 
 1.47074e+00   5.14766e-02   1.29264e+00 
 1.49111e+00   3.79291e-02   1.29463e+00 
 1.50784e+00   2.82012e-02   1.29587e+00 
 1.52456e+00   1.97314e-02   1.29678e+00 
 1.53748e+00   1.40617e-02   1.29729e+00 
 1.55040e+00   9.17875e-03   1.29765e+00 
 1.55961e+00   6.20424e-03   1.29782e+00 
 1.56752e+00   4.01033e-03   1.29792e+00 
 1.57395e+00   2.49604e-03   1.29797e+00 
 1.57904e+00   1.48939e-03   1.29799e+00 
 1.58296e+00   8.47010e-04   1.29801e+00 
 1.58587e+00   4.57059e-04   1.29801e+00 
 1.58794e+00   2.33808e-04   1.29801e+00 
 1.58933e+00   1.14506e-04   1.29801e+00 
 1.59020e+00   5.59170e-05   1.29801e+00 
 1.59135e+00  -nan  -nan 
