 1.00000e-01   3.72681e+00   2.79816e-01
 1.10000e-01   3.66910e+00   2.92034e-01
 1.21000e-01   3.61486e+00   3.04703e-01
 1.33100e-01   3.55516e+00   3.17826e-01
 1.46410e-01   3.49390e+00   3.31413e-01
 1.61051e-01   3.43683e+00   3.45473e-01
 1.77156e-01   3.38763e+00   3.60016e-01
 1.94872e-01   3.33033e+00   3.75038e-01
 2.14359e-01   3.27442e+00   3.90548e-01
 2.35795e-01   3.21920e+00   4.06548e-01
 2.59374e-01   3.17244e+00   4.23044e-01
 2.85312e-01   3.11813e+00   4.40030e-01
 3.13843e-01   3.06390e+00   4.57509e-01
 3.45227e-01   3.01787e+00   4.75481e-01
 3.79750e-01   2.96615e+00   4.93938e-01
 4.17725e-01   2.91606e+00   5.12878e-01
 4.59497e-01   2.86916e+00   5.32294e-01
 5.05447e-01   2.81906e+00   5.52176e-01
 5.55992e-01   2.77039e+00   5.72516e-01
 6.11591e-01   2.72416e+00   5.93303e-01
 6.72750e-01   2.67916e+00   6.14524e-01
 7.40025e-01   2.63339e+00   6.36162e-01
 8.14027e-01   2.58865e+00   6.58202e-01
 8.95430e-01   2.54395e+00   6.80626e-01
 9.84973e-01   2.50019e+00   7.03413e-01
 1.08347e+00   2.45646e+00   7.26543e-01
 1.19182e+00   2.41199e+00   7.49993e-01
 1.31100e+00   2.37071e+00   7.73740e-01
 1.44210e+00   2.32960e+00   7.97758e-01
 1.58631e+00   2.28719e+00   8.22020e-01
 1.74494e+00   2.24662e+00   8.46500e-01
 1.91943e+00   2.20744e+00   8.71168e-01
 2.11138e+00   2.16750e+00   8.95997e-01
 2.32252e+00   2.12825e+00   9.20955e-01
 2.55477e+00   2.09001e+00   9.46014e-01
 2.81024e+00   2.05086e+00   9.71143e-01
 3.09127e+00   2.01344e+00   9.96311e-01
 3.40039e+00   1.97705e+00   1.02149e+00
 3.74043e+00   1.94025e+00   1.04664e+00
 4.11448e+00   1.90435e+00   1.07175e+00
 4.52593e+00   1.86832e+00   1.09677e+00
 4.97852e+00   1.83293e+00   1.12168e+00
 5.47637e+00   1.79849e+00   1.14645e+00
 6.02401e+00   1.76439e+00   1.17105e+00
 6.62641e+00   1.73068e+00   1.19546e+00
 7.28905e+00   1.69734e+00   1.21965e+00
 8.01795e+00   1.66465e+00   1.24359e+00
 8.81975e+00   1.63230e+00   1.26726e+00
 9.70172e+00   1.60035e+00   1.29065e+00
 1.06719e+01   1.56882e+00   1.31372e+00
 1.17391e+01   1.53783e+00   1.33646e+00
 1.29130e+01   1.50725e+00   1.35885e+00
 1.42043e+01   1.47748e+00   1.38087e+00
 1.56247e+01   1.44777e+00   1.40250e+00
 1.71872e+01   1.41852e+00   1.42374e+00
 1.89059e+01   1.38969e+00   1.44457e+00
 2.07965e+01   1.36134e+00   1.46497e+00
 2.28762e+01   1.33365e+00   1.48495e+00
 2.51638e+01   1.30610e+00   1.50448e+00
 2.76801e+01   1.27890e+00   1.52356e+00
 3.04482e+01   1.25240e+00   1.54219e+00
 3.34930e+01   1.22610e+00   1.56035e+00
 3.68423e+01   1.20039e+00   1.57805e+00
 4.05265e+01   1.17488e+00   1.59529e+00
 4.45792e+01   1.14988e+00   1.61205e+00
 4.90371e+01   1.12533e+00   1.62835e+00
 5.39408e+01   1.10099e+00   1.64418e+00
 5.93349e+01   1.07721e+00   1.65954e+00
 6.52683e+01   1.05384e+00   1.67444e+00
 7.17952e+01   1.03080e+00   1.68888e+00
 7.89747e+01   1.00814e+00   1.70285e+00
 8.68722e+01   9.85825e-01   1.71638e+00
 9.55594e+01   9.63951e-01   1.72946e+00
 1.05115e+02   9.42419e-01   1.74209e+00
 1.15627e+02   9.21278e-01   1.75429e+00
 1.27190e+02   9.00478e-01   1.76607e+00
 1.39908e+02   8.79982e-01   1.77742e+00
 1.53899e+02   8.59974e-01   1.78836e+00
 1.69289e+02   8.40261e-01   1.79889e+00
 1.86218e+02   8.20888e-01   1.80903e+00
 2.04840e+02   8.01862e-01   1.81878e+00
 2.25324e+02   7.83185e-01   1.82815e+00
 2.47856e+02   7.64831e-01   1.83716e+00
 2.72642e+02   7.46887e-01   1.84580e+00
 2.99906e+02   7.29218e-01   1.85410e+00
 3.29897e+02   7.11891e-01   1.86206e+00
 3.62887e+02   6.94903e-01   1.86968e+00
 3.99175e+02   6.78217e-01   1.87698e+00
 4.39093e+02   6.61899e-01   1.88398e+00
 4.83002e+02   6.45833e-01   1.89067e+00
 5.31302e+02   6.30113e-01   1.89707e+00
 5.84432e+02   6.14725e-01   1.90319e+00
 6.42876e+02   5.99573e-01   1.90903e+00
 7.07163e+02   5.84788e-01   1.91462e+00
 7.77880e+02   5.70288e-01   1.91995e+00
 8.55668e+02   5.56054e-01   1.92503e+00
 9.41234e+02   5.42163e-01   1.92988e+00
 1.03536e+03   5.28522e-01   1.93450e+00
 1.13889e+03   5.15172e-01   1.93890e+00
 1.25278e+03   5.02097e-01   1.94310e+00
 1.37806e+03   4.89290e-01   1.94709e+00
 1.51587e+03   4.76782e-01   1.95089e+00
 1.66745e+03   4.64523e-01   1.95450e+00
 1.83420e+03   4.52522e-01   1.95794e+00
 2.01762e+03   4.40804e-01   1.96120e+00
 2.21938e+03   4.29321e-01   1.96431e+00
 2.44132e+03   4.18110e-01   1.96725e+00
 2.68545e+03   4.07127e-01   1.97005e+00
 2.95400e+03   3.96409e-01   1.97270e+00
 3.24940e+03   3.85929e-01   1.97522e+00
 3.57434e+03   3.75670e-01   1.97761e+00
 3.93177e+03   3.65658e-01   1.97987e+00
 4.32495e+03   3.55874e-01   1.98202e+00
 4.75744e+03   3.46334e-01   1.98405e+00
 5.23319e+03   3.36996e-01   1.98598e+00
 5.75650e+03   3.27878e-01   1.98780e+00
 6.33215e+03   3.18991e-01   1.98952e+00
 6.96537e+03   3.10301e-01   1.99116e+00
 7.66191e+03   3.01826e-01   1.99270e+00
 8.42810e+03   2.93546e-01   1.99416e+00
 9.27091e+03   2.85476e-01   1.99554e+00
 1.01980e+04   2.77598e-01   1.99685e+00
 1.12178e+04   2.69921e-01   1.99808e+00
 1.23396e+04   2.62423e-01   1.99924e+00
 1.35735e+04   2.55113e-01   2.00035e+00
 1.49309e+04   2.47992e-01   2.00138e+00
 1.64240e+04   2.41050e-01   2.00237e+00
 1.80664e+04   2.34277e-01   2.00329e+00
 1.98730e+04   2.27680e-01   2.00417e+00
 2.18603e+04   2.21247e-01   2.00499e+00
 2.40463e+04   2.14985e-01   2.00577e+00
 2.64510e+04   2.08882e-01   2.00650e+00
 2.90961e+04   2.02934e-01   2.00719e+00
 3.20057e+04   1.97145e-01   2.00785e+00
 3.52063e+04   1.91506e-01   2.00846e+00
 3.87269e+04   1.86015e-01   2.00904e+00
 4.25996e+04   1.80665e-01   2.00959e+00
 4.68595e+04   1.75465e-01   2.01010e+00
 5.15455e+04   1.70397e-01   2.01058e+00
 5.67000e+04   1.65468e-01   2.01104e+00
 6.23700e+04   1.60671e-01   2.01147e+00
 6.86070e+04   1.56002e-01   2.01187e+00
 7.54677e+04   1.51460e-01   2.01225e+00
 8.30145e+04   1.47041e-01   2.01261e+00
 9.13160e+04   1.42742e-01   2.01295e+00
 1.00448e+05   1.38562e-01   2.01327e+00
 1.10492e+05   1.34498e-01   2.01357e+00
 1.21542e+05   1.30546e-01   2.01385e+00
 1.33696e+05   1.26702e-01   2.01411e+00
 1.47065e+05   1.22965e-01   2.01436e+00
 1.61772e+05   1.19333e-01   2.01459e+00
 1.77949e+05   1.15802e-01   2.01481e+00
 1.95744e+05   1.12370e-01   2.01502e+00
 2.15318e+05   1.09034e-01   2.01522e+00
 2.36850e+05   1.05793e-01   2.01540e+00
 2.60535e+05   1.02644e-01   2.01557e+00
 2.86589e+05   9.95850e-02   2.01573e+00
 3.15247e+05   9.66121e-02   2.01588e+00
 3.46772e+05   9.37234e-02   2.01603e+00
 3.81449e+05   9.09189e-02   2.01616e+00
 4.19594e+05   8.81934e-02   2.01629e+00
 4.61554e+05   8.55472e-02   2.01641e+00
 5.07709e+05   8.29770e-02   2.01652e+00
 5.58480e+05   8.04818e-02   2.01662e+00
 6.14328e+05   7.80577e-02   2.01672e+00
 6.75761e+05   7.57051e-02   2.01681e+00
 7.43337e+05   7.34201e-02   2.01690e+00
 8.17671e+05   7.12020e-02   2.01698e+00
 8.99438e+05   6.90487e-02   2.01706e+00
 9.89382e+05   6.69586e-02   2.01713e+00
